# Phase 1.2: Alpha158六因子 IC评估报告

**日期**: 2026-04-11 | **来源**: phase12_alpha158_six.py

---

## 1. 因子IC统计汇总

| 因子 | 方向 | IC均值 | IC_IR | t-stat | 胜率 | 有效天数 | 评级 |
|------|------|--------|-------|--------|------|---------|------|
| CORD_20 | -1 | -0.0453 | -0.311 | -16.85 | 39.0% | 2941 | *** |
| IMAX_20 | -1 | -0.0900 | -0.652 | -35.34 | 25.4% | 2940 | *** |
| IMIN_20 | +1 | 0.0474 | 0.278 | 15.07 | 63.1% | 2940 | *** |
| QTLU_20 | -1 | -0.0823 | -0.539 | -29.22 | 30.9% | 2940 | *** |
| RESI_20 | -1 | -0.0688 | -0.471 | -25.52 | 32.9% | 2940 | *** |
| RSQR_20 | +1 | 0.0512 | 0.406 | 22.02 | 67.7% | 2940 | *** |

---

## 2. 新因子 vs CORE 5 IC时序相关性

| 新因子 | 最高CORE相关 | CORE因子 | 冗余? |
|--------|-------------|----------|-------|
| CORD_20 | -0.771 | reversal_20 | YES |
| IMAX_20 | 0.807 | volatility_20 | YES |
| IMIN_20 | -0.855 | volatility_20 | YES |
| QTLU_20 | 0.726 | volatility_20 | YES |
| RESI_20 | -0.863 | reversal_20 | YES |
| RSQR_20 | -0.425 | turnover_mean_20 | no |

---

## 3. Regime分析 (牛/熊市IC)

| 因子 | IC_all | IC_bull | IC_bear | 方向翻转? | 牛N | 熊N |
|------|--------|---------|---------|----------|-----|-----|
| CORD_20 | -0.0453 | -0.0294 | -0.0663 | no | 1606 | 1294 |
| IMAX_20 | -0.0900 | -0.1034 | -0.0688 | no | 1606 | 1294 |
| IMIN_20 | 0.0474 | 0.0726 | 0.0108 | no | 1606 | 1294 |
| QTLU_20 | -0.0823 | -0.0877 | -0.0714 | no | 1606 | 1294 |
| RESI_20 | -0.0688 | -0.0501 | -0.0921 | no | 1606 | 1294 |
| RSQR_20 | 0.0512 | 0.0507 | 0.0476 | no | 1606 | 1294 |
| amihud_20 | 0.0321 | 0.0297 | 0.0305 | no | 1596 | 1293 |
| bp_ratio | 0.0617 | 0.0717 | 0.0478 | no | 1606 | 1292 |
| reversal_20 | 0.0664 | 0.0550 | 0.0810 | no | 1590 | 1289 |
| turnover_mean_20 | -0.0854 | -0.1017 | -0.0617 | no | 1597 | 1293 |
| volatility_20 | -0.0832 | -0.1015 | -0.0564 | no | 1596 | 1293 |

---

## 4. 全因子IC时序相关性矩阵

| | CORD_20 | IMAX_20 | IMIN_20 | QTLU_20 | RESI_20 | RSQR_20 | turnover_mean_20 | volatility_20 | reversal_20 | amihud_20 | bp_ratio |
|---|---|---|---|---|---|---|---|---|---|---|---|
| CORD_20 | 1.000 | 0.222 | 0.189 | 0.442 | 0.847 | -0.079 | 0.027 | -0.034 | -0.771 | -0.030 | -0.025 |
| IMAX_20 | 0.222 | 1.000 | -0.766 | 0.879 | 0.328 | -0.346 | 0.733 | 0.807 | -0.163 | -0.253 | -0.610 |
| IMIN_20 | 0.189 | -0.766 | 1.000 | -0.629 | 0.120 | 0.286 | -0.772 | -0.855 | -0.275 | 0.244 | 0.593 |
| QTLU_20 | 0.442 | 0.879 | -0.629 | 1.000 | 0.513 | -0.327 | 0.712 | 0.726 | -0.359 | -0.275 | -0.566 |
| RESI_20 | 0.847 | 0.328 | 0.120 | 0.513 | 1.000 | -0.155 | 0.061 | 0.032 | -0.863 | -0.060 | -0.070 |
| RSQR_20 | -0.079 | -0.346 | 0.286 | -0.327 | -0.155 | 1.000 | -0.425 | -0.413 | 0.088 | 0.197 | 0.294 |
| turnover_mean_20 | 0.027 | 0.733 | -0.772 | 0.712 | 0.061 | -0.425 | 1.000 | 0.878 | 0.043 | -0.284 | -0.597 |
| volatility_20 | -0.034 | 0.807 | -0.855 | 0.726 | 0.032 | -0.413 | 0.878 | 1.000 | 0.062 | -0.267 | -0.654 |
| reversal_20 | -0.771 | -0.163 | -0.275 | -0.359 | -0.863 | 0.088 | 0.043 | 0.062 | 1.000 | 0.076 | -0.029 |
| amihud_20 | -0.030 | -0.253 | 0.244 | -0.275 | -0.060 | 0.197 | -0.284 | -0.267 | 0.076 | 1.000 | 0.398 |
| bp_ratio | -0.025 | -0.610 | 0.593 | -0.566 | -0.070 | 0.294 | -0.597 | -0.654 | -0.029 | 0.398 | 1.000 |
