# Phase 1.2: Alpha158六因子 IC评估报告

**日期**: 2026-04-10 | **来源**: phase12_alpha158_six.py

---

## 1. 因子IC统计汇总

| 因子 | 方向 | IC均值 | IC_IR | t-stat | 胜率 | 有效天数 | 评级 |
|------|------|--------|-------|--------|------|---------|------|
| CORD_20 | -1 | -0.0447 | -0.307 | -16.63 | 39.4% | 2941 | *** |
| IMAX_20 | -1 | -0.0904 | -0.656 | -35.55 | 25.2% | 2940 | *** |
| IMIN_20 | +1 | 0.0481 | 0.282 | 15.31 | 63.2% | 2940 | *** |
| QTLU_20 | -1 | -0.0823 | -0.539 | -29.24 | 30.9% | 2940 | *** |
| RESI_20 | +1 | -0.0681 | -0.466 | -25.29 | 33.2% | 2940 | *** |
| RSQR_20 | +1 | 0.0515 | 0.409 | 22.19 | 67.7% | 2940 | *** |

---

## 2. 新因子 vs CORE 5 IC时序相关性

| 新因子 | 最高CORE相关 | CORE因子 | 冗余? |
|--------|-------------|----------|-------|
| CORD_20 | -0.740 | reversal_20 | YES |
| IMAX_20 | 0.760 | volatility_20 | YES |
| IMIN_20 | -0.733 | volatility_20 | YES |
| QTLU_20 | 0.673 | turnover_mean_20 | YES |
| RESI_20 | -0.817 | reversal_20 | YES |
| RSQR_20 | 0.348 | bp_ratio | no |

---

## 3. Regime分析 (牛/熊市IC)

| 因子 | IC_all | IC_bull | IC_bear | 方向翻转? | 牛N | 熊N |
|------|--------|---------|---------|----------|-----|-----|
| CORD_20 | -0.0447 | -0.0289 | -0.0655 | no | 1606 | 1294 |
| IMAX_20 | -0.0904 | -0.1037 | -0.0693 | no | 1606 | 1294 |
| IMIN_20 | 0.0481 | 0.0732 | 0.0117 | no | 1606 | 1294 |
| QTLU_20 | -0.0823 | -0.0878 | -0.0713 | no | 1606 | 1294 |
| RESI_20 | -0.0681 | -0.0496 | -0.0912 | no | 1606 | 1294 |
| RSQR_20 | 0.0515 | 0.0510 | 0.0480 | no | 1606 | 1294 |
| amihud_20 | 0.0603 | 0.0597 | 0.0577 | no | 1596 | 1293 |
| bp_ratio | 0.0614 | 0.0738 | 0.0448 | no | 1606 | 1292 |
| reversal_20 | 0.0642 | 0.0564 | 0.0736 | no | 1590 | 1289 |
| turnover_mean_20 | -0.0989 | -0.1121 | -0.0775 | no | 1597 | 1293 |
| volatility_20 | -0.0927 | -0.1073 | -0.0701 | no | 1596 | 1293 |

---

## 4. 全因子IC时序相关性矩阵

| | CORD_20 | IMAX_20 | IMIN_20 | QTLU_20 | RESI_20 | RSQR_20 | turnover_mean_20 | volatility_20 | reversal_20 | amihud_20 | bp_ratio |
|---|---|---|---|---|---|---|---|---|---|---|---|
| CORD_20 | 1.000 | 0.223 | 0.189 | 0.442 | 0.846 | -0.080 | 0.032 | -0.042 | -0.740 | -0.069 | -0.003 |
| IMAX_20 | 0.223 | 1.000 | -0.765 | 0.879 | 0.329 | -0.346 | 0.720 | 0.760 | -0.164 | -0.288 | -0.573 |
| IMIN_20 | 0.189 | -0.765 | 1.000 | -0.629 | 0.121 | 0.286 | -0.673 | -0.733 | -0.259 | 0.140 | 0.568 |
| QTLU_20 | 0.442 | 0.879 | -0.629 | 1.000 | 0.513 | -0.327 | 0.673 | 0.662 | -0.338 | -0.259 | -0.513 |
| RESI_20 | 0.846 | 0.329 | 0.121 | 0.513 | 1.000 | -0.155 | 0.084 | 0.036 | -0.817 | -0.098 | -0.040 |
| RSQR_20 | -0.080 | -0.346 | 0.286 | -0.327 | -0.155 | 1.000 | -0.315 | -0.346 | 0.126 | -0.078 | 0.348 |
| turnover_mean_20 | 0.032 | 0.720 | -0.673 | 0.673 | 0.084 | -0.315 | 1.000 | 0.877 | -0.030 | -0.359 | -0.718 |
| volatility_20 | -0.042 | 0.760 | -0.733 | 0.662 | 0.036 | -0.346 | 0.877 | 1.000 | 0.006 | -0.289 | -0.705 |
| reversal_20 | -0.740 | -0.164 | -0.259 | -0.338 | -0.817 | 0.126 | -0.030 | 0.006 | 1.000 | 0.011 | -0.021 |
| amihud_20 | -0.069 | -0.288 | 0.140 | -0.259 | -0.098 | -0.078 | -0.359 | -0.289 | 0.011 | 1.000 | 0.041 |
| bp_ratio | -0.003 | -0.573 | 0.568 | -0.513 | -0.040 | 0.348 | -0.718 | -0.705 | -0.021 | 0.041 | 1.000 |
